blue=[400,0.4]